 201 0 0
 204 0 0
 206 0 0
 211 0 0
 212 0 0
 213 0 0
 214 0 0
 215 0 0
 216 0 0
 217 0 0
 219 0 0
 220 0 0
 221 0 0
 222 0 0
 223 0 0
 224 0 0
 225 0 0
 227 0 0
 228 0 0
 229 0 0
 230 0 0
 231 0 0
 232 0 0
 233 0 0
 234 0 0
 235 0 0
 236 0 0
 237 0 0
 238 0 0
 239 0 0
 240 0 0
 400404 201 227
 400407 201 227
 400410 201 227
 404408 211 240
 409107 204 217
 500705 211 233
 500901 206 228
 500903 206 228
 500904 206 228
 501104 211 214
 501202 201 238
 501407 206 227
 501408 206 227
 502104 204 232
 502707 211 217
 503006 204 223
 503301 201 239
 503303 201 239
 503502 211 229
 503503 211 229
 503704 204 231
 505101 201 235
 506504 206 212
 506505 206 212
 506902 206 219
 506907 206 219
 507201 211 224
 507306 206 225
 507707 211 216
 507804 211 230
 601102 201 224
 601104 201 224
 608005 201 240
 701304 201 222
 701802 204 224
 701901 400404 228
 701902 400404 228
 703505 206 240
 704502 204 230
 704504 204 230
 704506 204 230
 707502 204 227
 708204 400404 404408
 802201 206 238
 802205 206 238
 802405 201 230
 804401 505101 229
 804404 505101 229
 804803 500901 503503
 806705 503301 507804
 807907 206 232
 900204 601102 217
 900304 206 608005
 903104 201 409107
 905907 201 229
 906404 505101 506505
 906903 505101 500705
 1000705 601102 217
 1000802 708204 214
 1000806 708204 214
 1000807 708204 214
 1002305 704502 230
 1002306 704502 230
 1002705 601102 502104
 1004404 708204 506505
 1005004 704504 501407
 1007905 704504 506504
 1009802 704502 701304
 1101601 802201 217
 1105801 708204 506504
 1105808 708204 506504
 1106603 708204 501104
 1106703 804401 701304
 1109003 707502 807907
 1110407 802201 703505
 1110605 704502 214
 1110804 704502 701802
 1200308 708204 507201
 1201504 708204 701902
 1201505 708204 701902
 1202405 802201 502104
 1203003 802201 506505
 1203908 802201 501407
 1206703 704502 804404
 1211108 707502 214
 1301505 704502 217
 1302009 1005004 214
 1303210 1005004 500705
 1303702 1002305 900304
 1306303 704502 507201
 1306806 1005004 502707
 1308106 1000802 501407
 1400701 1101601 701902
 1400704 1101601 701902
 1402605 1101601 802405
 1403404 1000802 506504
 1403804 1101601 507804
 1404004 1000802 807907
 1404807 1002305 501104
 1405002 1002305 501408
 1406106 1005004 703505
 1408009 1005004 1105808
 1408208 1105801 214
 1411504 1002305 500705
 1411705 1101601 507201
 1503002 1002305 1000807
 1504505 1005004 1000806
 1507503 1005004 507804
 1507607 1105801 502707
 1600707 1101601 1201504
 1600708 1101601 1201504
 1601008 1000802 501104
 1602301 1005004 1110804
 1602304 1005004 1110804
 1607406 1000802 1106603
 1608506 1002305 802405
 1609807 1005004 1004404
 1609905 1000802 1211108
 1609907 1000802 1211108
 1702405 1405002 1400704
 1704903 1000802 1302009
 1704904 1000802 1302009
 1706502 1000802 501104
 1706904 1000802 1201504
 1706905 1000802 1201504
 1710104 1400701 1009802
 1800403 1101601 1404807
 1800405 1101601 1404807
 1800704 1400701 1507607
 1800705 1400701 1507607
 1801510 1005004 1002705
 1804804 1101601 502707
 1805201 1005004 1211108
 1805206 1005004 1211108
 1807302 1503002 1402605
 1808005 1005004 501104
 1900503 1400701 1200308
 1900505 1400701 1200308
 1900805 1602301 1601008
 1903102 1000802 802405
 1904302 1400701 1000806
 1904801 1000802 1002705
 1904806 1000802 1002705
 1905206 1400701 1609905
 1905207 1400701 1609905
 1905304 1602301 1607406
 1905805 1101601 1303210
 2001109 1602301 1002705
 2004807 1000802 1408009
 2006206 1000802 1411705
 2006208 1000802 1411705
 2007003 1602301 1000806
 2100603 1805201 1411705
 2100605 1805201 1411705
 2100606 1805201 1411705
 2100707 1805201 1704904
 2101903 1805201 802405
 2101904 1805201 802405
 2102805 1805201 1203908
 2103006 1807302 1600707
 2103404 1807302 1404004
 2103501 1807302 1800405
 2103705 1000802 1507607
 2104203 1805201 1607406
 2104204 1805201 1607406
 2104903 1807302 1000806
 2105003 1807302 1706905
 2105004 1807302 1706905
 2105305 1805201 1403404
 2105307 1805201 1403404
 2105801 1805201 1804804
 2105802 1805201 1804804
 2108704 1805201 1905207
 2201402 1807302 1704903
 2201403 1807302 1704903
 2201406 1807302 1704903
 2201507 1805201 1706904
 2201603 1000802 1800705
 2203207 1904801 1411705
 2203607 1904302 1706502
 2204405 1805201 802405
 2206803 1805201 1406106
 2300604 2007003 2104204
 2300803 1904302 1601008
 2301210 2007003 1905207
 2302403 1807302 1905304
 2302608 1904302 1706904
 2305405 1807302 1607406
 2305707 2007003 1704904
 2306801 1904302 1801510
 2306804 1904302 1801510
 2307207 1807302 1504505
 2406402 2105801 1706904
 2406905 2105801 1704903
 2500105 2105801 1800705
 2500106 2105801 1800705
 2501804 2201402 2100603
 2501807 2201402 2100603
 2503203 2103501 1704903
 2503204 2103501 1704903
 2503404 2300803 2305405
 2506003 2103501 2105305
 2506202 2201402 2105307
 2508106 2201402 2100707
 2508404 2103501 1411705
 2508405 2103501 1411705
 2600602 1900503 1704903
 2600605 1900503 1704903
 2600609 1900503 1704903
 2600610 1900503 1704903
 2601602 2201402 2203607
 2601603 2201402 2203607
 2601605 2201402 2203607
 2601607 2201402 2203607
 2602306 2105801 2201406
 2602503 2201402 1404004
 2604707 2201402 2101903
 2606908 1900503 2105003
 2608708 2105801 2103006
 2609005 2201402 2100603
 2609009 2201402 2100603
 2609109 2201402 2102805
 2609301 2306801 1411705
 2700104 2201402 2100606
 2700506 2306801 2204405
 2700907 2306801 2201406
 2701308 2306801 1800403
 2701405 2105801 2503203
 2702305 2306801 2100603
 2704005 2105801 2305707
 2704009 2105801 2305707
 2704010 2105801 2305707
 2704607 2105801 2307207
 2800403 2306801 2103006
 2800405 2306801 2103006
 2800406 2306801 2103006
 2801206 2306801 1800403
 2802203 2306801 2102805
 2900507 2600602 2604707
 2901807 2609301 2600605
 2902506 2609301 2600610
 2904406 2501804 2302608
 2904501 2501804 2503204
 2904507 2501804 2503204
 2908401 2600602 2100603
 2908404 2600602 2100603
 3000903 2600602 2609009
 3001305 2704005 2600605
 3002707 2600602 2602306
 3003008 2609301 2600610
 3004108 2501804 2606908
 3012702 2601602 2608708
 3013805 2609301 2305707
 3100306 2704005 2802203
 3100803 2600602 2609009
 3100806 2600602 2609009
 3100807 2600602 2609009
 3101406 2609301 2600610
 3101407 2609301 2600610
 3102205 2609301 2609109
 3103403 2600602 2602503
 3103405 2600602 2602503
 3103606 2609301 2503204
 3104304 2601602 2606908
 3107201 2704005 2600605
 3110106 2601602 2700506
 3111108 2704005 2800406
 3200207 2609301 2704009
 3201201 2609301 2500105
 3201405 2800403 2700104
 3201409 2800403 2700104
 3201603 2800403 2904406
 3205305 2904501 2700506
 3206706 2800403 2609009
 3208403 2800403 2606908
 3208904 2609301 2602306
 3300205 3012702 2503204
 3300703 2609301 2608708
 3300802 2600602 2604707
 3303602 2600602 2800405
 3303905 2609301 2904406
 3309001 2904501 3013805
 3309004 2904501 3013805
 3407905 3201603 3103606
 3502101 3208403 3003008
 3502301 3201603 3111108
 3502401 3201201 3103405
 3503003 3201603 2902506
 3503501 3201201 3206706
 3503801 3201201 3103403
 3504203 3201603 2901807
 3505502 3201603 3002707
 3506001 3201201 3000903
 3507501 3100803 3103606
 3509902 3201201 3201405
 3509905 3201201 3201405
 3511401 3201603 3208904
 3512004 3208403 2904406
 3512006 3208403 2904406
 3512403 3208403 2602503
 3602101 3300802 3111108
 3602102 3300802 3111108
 3602503 3201201 3002707
 3603001 3300802 3200207
 3604801 3208403 3003008
 3604901 3300802 3103606
 3606201 3300802 3100306
 3606202 3300802 3100306
 3606203 3300802 3100306
 3606204 3300802 3100306
 3607902 3201201 3000903
 3607903 3201201 3000903
 3607904 3201201 3000903
 3608002 3201201 3309004
 3611101 3309001 3103405
 3611304 3300802 3208904
 3703201 3208403 2902506
 3801701 3201201 3504203
 3801706 3201201 3504203
 3805506 3407905 3503801
 3805607 3309001 3505502
 3806101 3208403 3509902
 3807801 3309001 3502101
 3807802 3309001 3502101
 3807803 3309001 3502101
 3808301 3407905 3512403
 3810102 3201201 3511401
 3810804 3509905 3606201
 3900303 3201201 3512004
 3900803 3512006 3611101
 3900805 3512006 3611101
 3901101 3201201 3604801
 3901104 3201201 3604801
 3901106 3201201 3604801
 3904003 3309001 3502101
 3904004 3309001 3502101
 3904005 3309001 3502101
 3904606 3309001 3503801
 3905701 3309001 3502301
 3905703 3309001 3502301
 3905704 3309001 3502301
 3906306 3309001 3512403
 3906404 3309001 3503003
 3906406 3309001 3503003
 4002301 3309001 3502101
 4002903 3309001 3503801
 4003501 3703201 3611101
 4003503 3703201 3611101
 4005101 3805506 3807802
 4005105 3805506 3807802
 4005701 3801706 3810102
 4006902 3309001 3512403
 4006903 3309001 3512403
 4007101 3309001 3503003
 4007702 3805506 3807801
 4008401 3805506 3807803
 4008904 3703201 3606202
 4012403 3801706 3606203
 4101707 3805607 3502101
 4102301 3810804 3602101
 4102303 3810804 3602101
 4102705 3810804 3606202
 4102805 3309001 3806101
 4105205 3900803 3904606
 4107002 3805607 3512403
 4107205 3805607 3503003
 4108705 3805506 3807801
 4109301 3901101 3904004
 4109502 3901101 3906306
 4109505 3901101 3906306
 4109601 3900803 3901106
 4109604 3900803 3901106
 4202506 3900803 3606202
 4205201 3900303 3905704
 4205603 3805607 3808301
 4205802 3805607 3503003
 4206403 3805607 3512403
 4207101 4005105 3906404
 4207501 4005105 4002301
 4207901 4005105 4006902
 4209701 4005105 4007101
 4211004 3905701 3806101
 4212201 3905701 3901104
 4212502 3900303 3906306
 4300903 3805607 3606202
 4300905 3805607 3606202
 4301901 4109502 4102705
 4301903 4109502 4102705
 4304905 4008904 4007702
 4305106 4102301 4105205
 4305302 3805607 3900805
 4306401 4005105 3512403
 4306405 4005105 3512403
 4308004 4003503 3906404
 4309601 4109502 3904004
 4400201 3805607 4005701
 4403801 4109601 4202506
 4404201 3805607 3901106
 4405501 4109601 4105205
 4405701 4003503 4107205
 4405703 4003503 4107205
 4406201 4003503 4107002
 4406204 4003503 4107002
 4406401 4003503 4002903
 4408401 4102303 3807802
 4408601 4102303 3905704
 4408604 4102303 3905704
 4501905 4102301 3503003
 4502405 3805607 4109505
 4506401 3805607 3512403
 4506402 3805607 3512403
 4506706 4205603 3901104
 4507904 4109601 4209701
 4508401 4301901 4306405
 4509802 3805607 4109604
 4510903 4003503 4101707
 4602601 4306401 4403801
 4602602 4306401 4403801
 4603406 4306401 4305106
 4604003 4102301 4205802
 4604801 3805607 4301903
 4606703 4406204 4408601
 4607601 4306401 4400201
 4607801 4306401 4405701
 4609801 4306401 4212201
 4703107 4306401 4403801
 4703607 4306401 4305106
 4703801 4508401 4506706
 4703803 4508401 4506706
 4704002 4506402 4507904
 4704203 4306401 4205802
 4704207 4306401 4205802
 4704304 4506402 4408401
 4704506 4408604 4406201
 4705404 4306401 4212201
 4706006 4305302 4405501
 4708702 4305302 4212502
 4708705 4305302 4212502
 4802401 4306401 4406201
 4802501 4306401 4404201
 4802604 4506402 4507904
 4804803 4506401 4405501
 4805001 4606703 4506706
 4805007 4606703 4506706
 4805601 4603406 4502405
 4805603 4603406 4502405
 4807102 4604003 4607601
 4807701 4604003 4510903
 4903003 4306401 4502405
 4904601 4603406 4404201
 4904702 4604003 4406201
 4905103 4603406 4405701
 4906101 4604003 4703107
 4906303 4306401 4506706
 4907601 4704203 4708705
 5000610 4306401 4404201
 5003810 4604003 4403801
 5003903 4805603 4807701
 5004605 4704203 4704506
 5101202 4805007 4703607
 5102305 4807102 4403801
 5103605 4306401 4604801
 5104401 4306401 4404201
 5105301 4604003 4405501
 5105303 4604003 4405501
 5105906 4805007 4704207
 5106901 4805603 4904702
 5111001 4704203 4804803
 5202001 4306401 4404201
 5202103 4807102 4804803
 5204101 4805603 4802501
 5204104 4805603 4802501
 5207603 4807102 4403801
 5208401 4805603 4501905
 5301801 4807102 4405501
 5301802 4807102 4405501
 5302101 4807102 4404201
 5303902 4306401 4807701
 5305301 4704203 5003903
 5305601 4807102 4802501
 5308001 4805603 4906101
 5308801 5105303 5000610
 5400603 4306401 5003810
 5402701 5105906 4904702
 5402705 5105906 4904702
 5402706 5105906 4904702
 5403102 4807102 5004605
 5403105 4807102 5004605
 5403701 5208401 5104401
 5403705 5208401 5104401
 5403706 5208401 5104401
 5404201 5105303 4703607
 5404205 5105303 4703607
 5404402 5105303 4802501
 5404405 5105303 4802501
 5404406 5105303 4802501
 5404607 5105906 4501905
 5406607 4306401 4405501
 5409506 5105303 4704207
 5500501 5208401 4405501
 5500801 5202001 4501905
 5500802 5202001 4501905
 5500803 5202001 4501905
 5500805 5202001 4501905
 5501601 5105303 5104401
 5501604 5105303 5104401
 5501801 5202001 4807701
 5501802 5202001 4807701
 5501804 5202001 4807701
 5502101 5105303 4802501
 5502103 5105303 4802501
 5502106 5105303 4802501
 5502302 5105303 4704207
 5502303 5105303 4704207
 5502307 5105303 4704207
 5503503 5301802 5308001
 5503701 5202001 4904702
 5503703 5202001 4904702
 5503704 5202001 4904702
 5503706 5202001 4904702
 5600504 5404402 5404406
 5600703 5402701 5402706
 5600802 5404402 5403706
 5600806 5404402 5403706
 5600906 5301802 4501905
 5601204 5403102 5403105
 5601301 5400603 5404405
 5601304 5400603 5404405
 5601306 5400603 5404405
 5602001 5404201 5305601
 5602004 5404201 5305601
 5602005 5404201 5305601
 5602104 5208401 4802501
 5602105 5208401 4802501
 5602903 5301802 4807701
 5602904 5301802 4807701
 5603202 5403701 5403705
 5603304 5208401 5301801
 5603307 5208401 5301801
 5603803 5404201 5305301
 5603901 5301802 5204104
 5603904 5301802 5204104
 5604501 5301802 4704207
 5604804 5404201 5404205
 5604806 5404201 5404205
 5605201 5404201 5404607
 5605406 5301802 5104401
 5605407 5301802 5104401
 5605904 5208401 5000610
 5605905 5208401 5000610
 5605906 5208401 5000610
 5606708 5403102 5406607
 5606803 5403701 5409506
 5606808 5403701 5409506
 5701001 5301802 4501905
 5701302 5400603 5308801
 5702201 5502307 5500802
 5703201 5403701 5409506
 5703202 5403701 5409506
 5703206 5403701 5409506
 5703404 5208401 5003810
 5703409 5208401 5003810
 5703501 5208401 4802501
 5703601 5301802 4807701
 5703602 5301802 4807701
 5703604 5301802 4807701
 5703610 5301802 4807701
 5704001 5403701 5403705
 5704003 5403701 5403705
 5704401 5404201 5302101
 5705202 5500805 5500803
 5705203 5500805 5500803
 5705205 5500805 5500803
 5706202 5500805 5301801
 5706205 5500805 5301801
 5706602 5502307 5502302
 5707301 5501804 5502106
 5709301 5404201 5404205
 5709401 5301802 4704207
 5803905 5403102 5403705
 5804901 5403701 5402706
 5804905 5403701 5402706
 5805001 5403102 4807701
 5805004 5403102 4807701
 5805906 5403102 5404406
 5806205 5208401 5404405
 5809404 5403701 5500801
 6000102 5605201 5603307
 6001302 5403102 5602105
 6001602 5403701 5402706
 6001603 5403701 5402706
 6002903 5403102 5403705
 6003004 5208401 5303902
 6003503 5403102 5500803
 6004204 5208401 5404406
 6100901 5705205 5704401
 6101401 5208401 5502303
 6101402 5208401 5502303
 6101405 5208401 5502303
 6101902 5703206 5703501
 6103502 5703610 5605905
 6103703 5703206 5501802
 6103802 5602001 5500801
 6105102 5703610 5602104
 6105304 5703206 5703202
 6106301 5703409 5602005
 6106302 5703409 5602005
 6106303 5703409 5602005
 6106902 5703206 5602904
 6106907 5703206 5602904
 6107601 5602001 5603304
 6107901 5706205 5601304
 6108801 5703610 5404607
 6110801 5703610 5707301
 6110804 5703610 5707301
 6111502 5703610 5703604
 6111504 5703610 5703604
 6201405 5208401 5709401
 6203701 5403102 5500803
 6204305 5703610 5706602
 6205805 5703610 5704003
 6206307 5208401 5501801
 6207606 5703206 5706202
 6404403 5703610 5602105
 6404601 5403701 5409506
 6404901 5805001 5704003
 6405005 5703206 5501801
 6405106 5602001 5403705
 6406104 5703610 5809404
 6501601 6001602 5703602
 6505304 5703610 5605905
 6505902 5403102 5502303
 6506003 5403102 5703201
 6507401 5703206 5602903
 6507701 5703206 5705202
 6509001 5403102 5500501
 6510901 6110804 6111502
 6511201 6001602 5602005
 6601001 5602001 6003004
 6601203 6101902 5805004
 6602306 6101902 5403105
 6609503 5805001 5704003
 6609806 5602001 5809404
 6610806 6203701 6201405
 6612406 6101902 5402706
 6704301 6203701 5705202
 6706602 6203701 5404406
 6706604 6203701 5404406
 6707301 5805001 5500501
 6707306 5805001 5500501
 6709304 5602001 5605905
 6905603 6101405 5602005
 7000201 5703206 6510901
 7000302 6101405 6501601
 7003203 5703206 6001302
 7004905 6203701 6206307
 7105204 5703206 6103703
 7105401 6101405 6205805
 7105402 6101405 6205805
 7105903 5703610 5600802
 7105906 5703610 5600802
 7107102 6101405 6507401
 7107502 5805001 5806205
 7107901 5805001 6107601
 7110302 6101902 6612406
 7110403 6707306 6707301
 7301401 6707306 6612406
 7301404 6707306 6612406
 7312004 5805001 5806205
 7312301 5703206 6103502
 7312303 5703206 6103502
 7312602 5805001 6107601
 7401305 6404901 6609806
 7402004 6101405 6609503
 7402103 6404901 6101402
 7403303 5703206 6501601
 7408806 6101405 6506003
 7409003 7000201 7000302
 7409005 7000201 7000302
 7606401 7105906 5809404
 7606402 7105906 5809404
 7606702 5703206 6100901
 7606703 5703206 6100901
 7608203 6101405 6609503
 7801204 6203701 7000302
 7802005 6905603 7003203
 7810004 6905603 6101402
 7810005 6905603 6101402
 8000701 6905603 7110403
 8001405 6905603 6602306
 8005601 7105906 7401305
 8008402 6905603 6609503
 8008403 6905603 6609503
 8009001 7105906 6100901
 8009701 7606402 7608203
 8009901 7105906 7003203
 8009902 7105906 7003203
 8009906 7105906 7003203
 8200601 7606402 7003203
 8205103 7105906 7606702
 8205105 7105906 7606702
 8205503 7301404 7312004
 8205504 7301404 7312004
 8205506 7301404 7312004
 8208403 6905603 7608203
 8210501 6905603 7409005
 8500406 8001405 8005601
 8500904 7606402 7801204
 8501004 8001405 8009901
 8502104 7606402 6704301
 8507402 8001405 8009902
 8507408 8001405 8009902
 8508908 8001405 6406104
 8511207 7000201 7105903
 8512105 7000201 8000701
 8603902 6905603 7003203
 8605001 8009906 7606703
 8605003 8009906 7606703
 8605006 8009906 7606703
 8606301 7000201 7408806
 8607703 7000201 7608203
 8607704 7000201 7608203
 8609301 7000201 6404403
 8609302 7000201 6404403
 8610302 6905603 7606401
 8803603 8001405 7606401
 8803604 8001405 7606401
 8803704 6905603 7110302
 8803706 6905603 7110302
 8804403 8001405 7606703
 8806605 6905603 7401305
 8806606 6905603 7401305
 8808106 6905603 7606702
 8809705 7000201 7608203
 8809706 7000201 7608203
 8809906 7000201 7408806
 8809907 7000201 7408806
 8901701 8205506 8210501
 8902802 8205506 8008402
 8906601 8500904 8501004
 8908103 8500904 8508908
 8909901 7301404 7801204
 8909906 7301404 7801204
 8911801 8205506 8008403
 9104404 8001405 8205103
 9107302 8500904 8008403
 9109002 8500904 8008402
 9109201 8001405 7801204
 9109209 8001405 7801204
 9402201 6905603 7606401
 9407405 8909906 8911801
 9407601 8909906 8909901
 9408101 6905603 8605001
 9408401 7000201 7408806
 9408406 7000201 7408806
 9409702 7000201 7606703
 9500502 8001405 7801204
 9500503 8001405 7801204
 9501101 8205506 8803704
 9502001 8001405 8607703
 9503402 8001405 8609301
 9504202 8001405 8205103
 9504206 8001405 8205103
 10100804 9500503 8605001
 10100806 9500503 8605001
 10100807 9500503 8605001
 10103204 9500503 8609302
 10103601 8507402 7401305
 10103602 8507402 7401305
 10103604 8507402 7401305
 10104303 9500503 9409702
 10104305 9500503 9409702
 10104307 9500503 9409702
 10200502 8909906 8806606
 10200503 8909906 8806606
 10200507 8909906 8806606
 10200508 8909906 8806606
 10201803 9500503 8609302
 10201805 9500503 8609302
 10202201 8605006 9501101
 10202202 8605006 9501101
 10203105 9500503 8609301
 10203106 9500503 8609301
 10204501 9504206 8901701
 10204502 9504206 8901701
 10204503 9504206 8901701
 10204505 9504206 8901701
 10205203 9407405 9502001
 10205204 9407405 9502001
 10205205 9407405 9502001
 10205404 8902802 9504202
 10205702 8605006 9503402
 10205703 8605006 9503402
 10206502 9407405 7606401
 10404101 8902802 8906601
 10404103 8902802 8906601
 10404104 8902802 8906601
 10406103 8909906 10103604
 10406104 8909906 10103604
 10406804 8902802 10100807
 10406806 8902802 10100807
 10408205 8909906 9503402
 10408206 8909906 9503402
 10500601 8605006 10104305
 10605704 9504206 8901701
 10605705 9504206 8901701
 10606202 8909906 7606702
 10606203 8909906 7606702
 10606304 9500503 8609302
 10606305 9500503 8609302
 10808603 10204501 10103604
 10808605 10204501 10103604
 11001102 10100804 10205204
 11002302 10100804 10204505
 11002303 10100804 10204505
 11003503 10500601 10605704
 11101202 10103602 10406804
 11101206 10103602 10406804
 11103903 10205203 10202202
 11103904 10205203 10202202
 11200102 10103602 10606203
 11200104 10103602 10606203
 11200105 10103602 10606203
 11200403 10205203 10103604
 11200406 10205203 10103604
 11203401 10200503 10204505
 11203406 10200503 10204505
 11203804 10200503 9503402
 11206706 10205203 10100806
 11207301 10200503 10205703
 11207303 10200503 10205703
 11603303 11200403 11002303
 11604007 10808605 10406804
 11604008 10808605 10406804
 11605305 11103903 10201803
 12006506 10808605 11103904
 12006601 10404101 11200105
 12006605 10404101 11200105
 12006607 10404101 11200105
 12006904 11103903 10606305
 12007805 11103903 10203106
 12100804 11200102 10404103
 12100805 11200102 10404103
 12101105 11200102 10605705
 12101108 11200102 10605705
 12102004 11207301 10205404
 12103506 11103903 10406104
 12104404 10808605 11001102
 12104406 10808605 11001102
 12202502 11101202 11203406
 12204707 10404101 11200104
 12400903 11203401 10606305
 12401203 11207301 11604007
 12401206 11207301 11604007
 12402601 11207301 12006506
 12403101 11103903 11200104
 12403109 11103903 11200104
 12405201 11603303 12006607
 12501603 11203401 10606304
 12501604 11203401 10606304
 12502201 11200102 11605305
 12502204 11200102 11605305
 12502302 11203401 11206706
 12503006 11207301 10205404
 12601404 11200102 11604007
 12601406 11200102 11604007
 12602504 12006605 11203406
 12602505 12006605 11203406
 12605004 12202502 10606203
 12605005 12202502 10606203
 12700904 11203401 11200406
 12700905 11203401 11200406
 12702106 11200102 11605305
 12702107 11200102 11605305
 12702804 12006605 11206706
 12702805 12006605 11206706
 12801401 12502204 11203406
 12801405 12502204 11203406
 12801408 12502204 11203406
 12901802 12006605 12104404
 12901803 12006605 12104404
 12901904 12403101 12400903
 12902001 12202502 12006904
 12902002 12202502 12006904
 12903101 12502204 12602504
 12904101 12502204 12602505
 12904104 12502204 12602505
 12904602 12403101 12401206
 12904605 12403101 12401206
 13000302 12006605 12104406
 13000305 12006605 12104406
 13000601 12401203 12403109
 13001203 12202502 12103506
 13001204 12202502 12103506
 13002604 12405201 11003503
 13002605 12405201 11003503
 13003002 12401203 12702107
 13100502 12202502 12702106
 13104401 12202502 12100805
 13104402 12202502 12100805
 13104501 12202502 12006904
 13202101 12902001 12700905
 13202103 12902001 12700905
 13203203 12403101 12503006
 13203205 12403101 12503006
 13203902 12902001 12006607
 13203903 12902001 12006607
 13203904 12902001 12006607
 13300301 12405201 12403109
 13300302 12405201 12403109
 13300405 12902001 12601406
 13303501 13000302 12801408
 13303605 13000302 13001204
 13303901 13000302 12801405
 13304706 13000601 12605005
 13305206 12403101 12400903
 13305601 12405201 12006904
 13305604 12405201 12006904
 13305708 12403101 12401206
 13500401 13000601 13104401
 13501002 12405201 12601406
 13501502 13000302 12702106
 13502104 12801401 13000305
 13502106 12801401 13000305
 13502402 13000302 12801405
 13502403 13000302 12801405
 13502404 13000302 12801405
 13503501 12904602 13203903
 13504002 12801401 12403109
 13504007 12801401 12403109
 13602003 12801401 12901803
 13602306 12801401 12901802
 13701102 13305601 13001204
 13702701 13300301 12902002
 13702703 13300301 12902002
 13703201 13202101 12702107
 13703202 13202101 12702107
 13703701 13000601 12801405
 13703704 13000601 12801405
 13705502 13300301 12801408
 13801201 13000601 12903101
 13801202 13000601 12903101
 13802102 13300301 12901904
 13802601 13300301 13300405
 13804001 13303501 13002605
 13804002 13303501 13002605
 13804704 13502104 13001203
 13805601 13202101 12901802
 13805605 13202101 12901802
 14100502 13303501 13300405
 14100503 13303501 13300405
 14101204 13502104 13305206
 14101205 13502104 13305206
 14102104 13703701 13804002
 14102403 13503501 13501502
 14103006 13305601 12901802
 14103102 13305601 13104402
 14103103 13305601 13104402
 14103203 13503501 12904104
 14103204 13503501 12904104
 14104105 13502104 13305708
 14104108 13502104 13305708
 14104305 13303501 13203203
 14104306 13303501 13203203
 14104702 13305601 13304706
 14105402 13804001 13801202
 14105605 13804001 13804704
 14201602 13305601 13703704
 14201604 13305601 13703704
 14202005 13503501 13502404
 14202506 13303501 13702703
 14202507 13303501 13702703
 14202905 13503501 13705502
 14203507 13802601 13602306
 14203508 13802601 13602306
 14203803 13801201 13805605
 14204602 13303501 13300302
 14204607 13303501 13300302
 14204609 13303501 13300302
 14301101 13801201 13804002
 14301901 13703701 13203904
 14301902 13703701 13203904
 14301903 13703701 13203904
 14403203 13503501 13502404
 14405402 13502104 13702703
 14600603 13804001 13703202
 14600605 13804001 13703202
 14600703 13805601 13804002
 14600802 13805601 13504007
 14604807 14201602 13502106
 14605202 13805601 13705502
 14702705 14201602 13805605
 14703205 13805601 13801202
 14800605 14201602 14100503
 14800904 13804001 13504007
 14800907 13804001 13504007
 14801307 13805601 14102104
 14803303 14204602 13804704
 14803806 13804001 14104108
 14900402 14405402 14201604
 14901601 14403203 13802102
 14901602 14403203 13802102
 14903503 14403203 14104702
 15001903 14201602 14104306
 15003301 14600603 14301903
 15003302 14600603 14301903
 15003303 14600603 14301903
 15003701 14201602 13805605
 15003702 14201602 13805605
 15003703 14201602 13805605
 15003704 14201602 13805605
 15004302 14201602 14105605
 15005102 14600802 14600605
 15005104 14600802 14600605
 15005403 14600603 14101204
 15005501 14600603 14604807
 15005502 14600603 14604807
 15005503 14600603 14604807
 15005601 14600603 14203803
 15005802 14600802 14204609
 15005804 14600802 14204609
 15100201 14204602 14103203
 15100204 14204602 14103203
 15100601 14301101 14103102
 15100605 14301101 14103102
 15100606 14301101 14103102
 15101304 14405402 14102104
 15103105 14201602 14605202
 15103201 14201602 14104108
 15103205 14201602 14104108
 15103402 14201602 14600703
 15205504 14405402 14600605
 15205701 14204602 14301903
 15205706 14204602 14301903
 15206702 14405402 14104306
 15206707 14405402 14104306
 15207204 14405402 14105402
 15405402 14405402 14600703
 15501704 14405402 14800907
 15501801 14901601 15005403
 15502501 14405402 14800904
 15502505 14405402 14800904
 15503402 14405402 14600605
 15503404 14405402 14600605
 15503405 14405402 14600605
 15603601 14204602 14900402
 15701606 15100201 15100605
 15705206 14600603 14901602
 15801301 14600802 15206707
 15801302 14600802 15206707
 15801401 15205701 15205504
 15802703 14903503 14800907
 15905901 15103201 14800904
 15906001 15100601 15103105
 15906702 15205701 15004302
 15906703 15205701 15004302
 16001301 14600802 15001903
 16001305 14600802 15001903
 16002501 14901601 15005601
 16002503 14901601 15005601
 16002706 14600802 14803806
 16002901 14901601 15101304
 16104506 15205701 14900402
 16105401 15501801 15503405
 16106701 15206702 15100606
 16107201 15103201 14801307
 16107204 15103201 14801307
 16202201 15603601 15005601
 16202205 15603601 15005601
 16304301 15205701 15503405
 16304401 15205701 14900402
 16305002 15205701 15207204
 16305101 15100601 15206707
 16305604 15205701 15205504
 16305704 15100601 14803303
 16400705 15103201 15005601
 16401204 15205701 15103205
 16401803 15100601 14703205
 16402104 15100601 15101304
 16402405 15103201 15205706
 16504302 15603601 15005403
 16505804 15100601 15502505
 16505901 15103201 15405402
 16505906 15103201 15405402
 16601103 16002901 16001305
 16601203 15801301 15207204
 16601205 15801301 15207204
 16601208 15801301 15207204
 16601801 15801301 15701606
 16601802 15801301 15701606
 16601803 15801301 15701606
 16601804 15801301 15701606
 16605702 15603601 16002706
 16705201 16107201 16002503
 16705203 16107201 16002503
 16705501 16107201 16104506
 16806403 16107201 16202205
 16806405 16107201 16202205
 16904601 16305101 16104506
 16905702 16304301 16002503
 16905707 16304301 16002503
 17000701 16305604 16400705
 17000802 16305101 16402405
 17001505 16304301 16002706
 17002605 16305101 16401204
 17202801 16305604 16601205
 17202802 16305604 16601205
 17202803 16305604 16601205
 17202804 16305604 16601205
 17500301 17002605 16806405
 17500302 17002605 16806405
 17500303 17002605 16806405
 17500304 17002605 16806405
 17500305 17002605 16806405
 17507602 17000701 16705501
 17507603 17000701 16705501
 17601301 16705201 17202804
 17601302 16705201 17202804
 17601303 16705201 17202804
 17601305 16705201 17202804
 18202901 16705201 17202804
 18202902 16705201 17202804
 18500101 17500302 17507603
 18500102 17500302 17507603
 18500103 17500302 17507603
 18500104 17500302 17507603
 18705701 17500302 17507603
 18705702 17500302 17507603
 18705703 17500302 17507603
 18705704 17500302 17507603
 18705705 17500302 17507603
 18706101 17601303 17500304
 18706102 17601303 17500304
 18800904 17601302 17507603
 18800905 17601302 17507603
 18800906 17601302 17507603
 18801001 17500302 17601305
 18801002 17500302 17601305
 18801101 17202802 17500304
 18801103 17202802 17500304
 18907101 17601302 17500304
 18907102 17601302 17500304
 18907103 17601302 17500304
 18907104 17601302 17500304
 18907105 17601302 17500304
 19006401 18500101 17500304
 19006402 18500101 17500304
 19006403 18500101 17500304
 19006404 18500101 17500304
 19006405 18500101 17500304
 19006407 18500101 17500304
 19006501 18202901 18500104
 19006502 18202901 18500104
 19006503 18202901 18500104
 19006504 18202901 18500104
 19006505 18202901 18500104
 19006507 18202901 18500104
 19006508 18202901 18500104
 19103201 18801101 18800904
 19104201 18202902 18500104
 19104203 18202902 18500104
 19104204 18202902 18500104
 19203801 18202901 18500104
 19203806 18202901 18500104
 19203807 18202901 18500104
 19203809 18202901 18500104
 19204503 18801101 18800904
 19204504 18801101 18800904
 19204505 18801101 18800904
 19204506 18801101 18800904
 19204901 18202901 18705703
 19204905 18202901 18705703
 19204906 18202901 18705703
 19204907 18202901 18705703
 19206201 18202901 18801002
