201	0
204	0
206	0
211	0
212	0
213	0
214	0
215	0
216	0
217	0
219	0
220	0
221	0
222	0
223	0
224	0
225	0
227	0
228	0
229	0
230	0
231	0
232	0
233	0
234	0
235	0
236	0
237	0
238	0
239	0
240	0
400404	1
400407	1
400410	1
404408	1
409107	1
500705	1
500901	1
500903	1
500904	1
501104	1
501202	1
501407	1
501408	1
502104	1
502707	1
503006	1
503301	1
503303	1
503502	1
503503	1
503704	1
505101	1
506504	1
506505	1
506902	1
506907	1
507201	1
507306	1
507707	1
507804	1
601102	2
601104	2
608005	2
701304	2
701802	2
701901	2
701902	2
703505	2
704502	2
704504	2
704506	2
707502	2
708204	2
802201	2
802205	2
802405	2
804401	2
804404	2
804803	2
806705	2
807907	2
900204	2
900304	2
903104	2
905907	2
906404	2
906903	2
1000705	2
1000802	2
1000806	2
1000807	2
1002305	2
1002306	2
1002705	2
1004404	2
1005004	2
1007905	2
1009802	2
1101601	2
1105801	2
1105808	2
1106603	2
1106703	2
1109003	2
1110407	2
1110605	2
1110804	2
1200308	3
1201504	3
1201505	3
1202405	3
1203003	3
1203908	3
1206703	3
1211108	3
1301505	3
1302009	3
1303210	3
1303702	3
1306303	3
1306806	3
1308106	3
1400701	3
1400704	3
1402605	3
1403404	3
1403804	3
1404004	3
1404807	3
1405002	3
1406106	3
1408009	3
1408208	3
1411504	3
1411705	3
1503002	3
1504505	3
1507503	3
1507607	3
1600707	3
1600708	3
1601008	3
1602301	3
1602304	3
1607406	3
1608506	3
1609807	3
1609905	3
1609907	3
1702405	3
1704903	3
1704904	3
1706502	3
1706904	3
1706905	3
1710104	3
1800403	4
1800405	4
1800704	4
1800705	4
1801510	4
1804804	4
1805201	4
1805206	4
1807302	4
1808005	4
1900503	4
1900505	4
1900805	4
1903102	4
1904302	4
1904801	4
1904806	4
1905206	4
1905207	4
1905304	4
1905805	4
2001109	4
2004807	4
2006206	4
2006208	4
2007003	4
2100603	4
2100605	4
2100606	4
2100707	4
2101903	4
2101904	4
2102805	4
2103006	4
2103404	4
2103501	4
2103705	4
2104203	4
2104204	4
2104903	4
2105003	4
2105004	4
2105305	4
2105307	4
2105801	4
2105802	4
2108704	4
2201402	4
2201403	4
2201406	4
2201507	4
2201603	4
2203207	4
2203607	4
2204405	4
2206803	4
2300604	4
2300803	4
2301210	4
2302403	4
2302608	4
2305405	4
2305707	4
2306801	4
2306804	4
2307207	4
2406402	5
2406905	5
2500105	5
2500106	5
2501804	5
2501807	5
2503203	5
2503204	5
2503404	5
2506003	5
2506202	5
2508106	5
2508404	5
2508405	5
2600602	5
2600605	5
2600609	5
2600610	5
2601602	5
2601603	5
2601605	5
2601607	5
2602306	5
2602503	5
2604707	5
2606908	5
2608708	5
2609005	5
2609009	5
2609109	5
2609301	5
2700104	5
2700506	5
2700907	5
2701308	5
2701405	5
2702305	5
2704005	5
2704009	5
2704010	5
2704607	5
2800403	5
2800405	5
2800406	5
2801206	5
2802203	5
2900507	5
2901807	5
2902506	5
2904406	5
2904501	5
2904507	5
2908401	5
2908404	5
3000903	6
3001305	6
3002707	6
3003008	6
3004108	6
3012702	6
3013805	6
3100306	6
3100803	6
3100806	6
3100807	6
3101406	6
3101407	6
3102205	6
3103403	6
3103405	6
3103606	6
3104304	6
3107201	6
3110106	6
3111108	6
3200207	6
3201201	6
3201405	6
3201409	6
3201603	6
3205305	6
3206706	6
3208403	6
3208904	6
3300205	6
3300703	6
3300802	6
3303602	6
3303905	6
3309001	6
3309004	6
3407905	6
3502101	6
3502301	6
3502401	6
3503003	6
3503501	6
3503801	6
3504203	6
3505502	6
3506001	6
3507501	6
3509902	6
3509905	6
3511401	6
3512004	6
3512006	6
3512403	6
3602101	7
3602102	7
3602503	7
3603001	7
3604801	7
3604901	7
3606201	7
3606202	7
3606203	7
3606204	7
3607902	7
3607903	7
3607904	7
3608002	7
3611101	7
3611304	7
3703201	7
3801701	7
3801706	7
3805506	7
3805607	7
3806101	7
3807801	7
3807802	7
3807803	7
3808301	7
3810102	7
3810804	7
3900303	7
3900803	7
3900805	7
3901101	7
3901104	7
3901106	7
3904003	7
3904004	7
3904005	7
3904606	7
3905701	7
3905703	7
3905704	7
3906306	7
3906404	7
3906406	7
4002301	7
4002903	7
4003501	7
4003503	7
4005101	7
4005105	7
4005701	7
4006902	7
4006903	7
4007101	7
4007702	7
4008401	7
4008904	7
4012403	7
4101707	7
4102301	7
4102303	7
4102705	7
4102805	7
4105205	7
4107002	7
4107205	7
4108705	7
4109301	7
4109502	7
4109505	7
4109601	7
4109604	7
4202506	8
4205201	8
4205603	8
4205802	8
4206403	8
4207101	8
4207501	8
4207901	8
4209701	8
4211004	8
4212201	8
4212502	8
4300903	8
4300905	8
4301901	8
4301903	8
4304905	8
4305106	8
4305302	8
4306401	8
4306405	8
4308004	8
4309601	8
4400201	8
4403801	8
4404201	8
4405501	8
4405701	8
4405703	8
4406201	8
4406204	8
4406401	8
4408401	8
4408601	8
4408604	8
4501905	8
4502405	8
4506401	8
4506402	8
4506706	8
4507904	8
4508401	8
4509802	8
4510903	8
4602601	8
4602602	8
4603406	8
4604003	8
4604801	8
4606703	8
4607601	8
4607801	8
4609801	8
4703107	8
4703607	8
4703801	8
4703803	8
4704002	8
4704203	8
4704207	8
4704304	8
4704506	8
4705404	8
4706006	8
4708702	8
4708705	8
4802401	9
4802501	9
4802604	9
4804803	9
4805001	9
4805007	9
4805601	9
4805603	9
4807102	9
4807701	9
4903003	9
4904601	9
4904702	9
4905103	9
4906101	9
4906303	9
4907601	9
5000610	9
5003810	9
5003903	9
5004605	9
5101202	9
5102305	9
5103605	9
5104401	9
5105301	9
5105303	9
5105906	9
5106901	9
5111001	9
5202001	9
5202103	9
5204101	9
5204104	9
5207603	9
5208401	9
5301801	9
5301802	9
5302101	9
5303902	9
5305301	9
5305601	9
5308001	9
5308801	9
5400603	10
5402701	10
5402705	10
5402706	10
5403102	10
5403105	10
5403701	10
5403705	10
5403706	10
5404201	10
5404205	10
5404402	10
5404405	10
5404406	10
5404607	10
5406607	10
5409506	10
5500501	10
5500801	10
5500802	10
5500803	10
5500805	10
5501601	10
5501604	10
5501801	10
5501802	10
5501804	10
5502101	10
5502103	10
5502106	10
5502302	10
5502303	10
5502307	10
5503503	10
5503701	10
5503703	10
5503704	10
5503706	10
5600504	10
5600703	10
5600802	10
5600806	10
5600906	10
5601204	10
5601301	10
5601304	10
5601306	10
5602001	10
5602004	10
5602005	10
5602104	10
5602105	10
5602903	10
5602904	10
5603202	10
5603304	10
5603307	10
5603803	10
5603901	10
5603904	10
5604501	10
5604804	10
5604806	10
5605201	10
5605406	10
5605407	10
5605904	10
5605905	10
5605906	10
5606708	10
5606803	10
5606808	10
5701001	10
5701302	10
5702201	10
5703201	10
5703202	10
5703206	10
5703404	10
5703409	10
5703501	10
5703601	10
5703602	10
5703604	10
5703610	10
5704001	10
5704003	10
5704401	10
5705202	10
5705203	10
5705205	10
5706202	10
5706205	10
5706602	10
5707301	10
5709301	10
5709401	10
5803905	10
5804901	10
5804905	10
5805001	10
5805004	10
5805906	10
5806205	10
5809404	10
6000102	10
6001302	10
6001602	10
6001603	10
6002903	10
6003004	10
6003503	10
6004204	10
6100901	11
6101401	11
6101402	11
6101405	11
6101902	11
6103502	11
6103703	11
6103802	11
6105102	11
6105304	11
6106301	11
6106302	11
6106303	11
6106902	11
6106907	11
6107601	11
6107901	11
6108801	11
6110801	11
6110804	11
6111502	11
6111504	11
6201405	11
6203701	11
6204305	11
6205805	11
6206307	11
6207606	11
6404403	11
6404601	11
6404901	11
6405005	11
6405106	11
6406104	11
6501601	11
6505304	11
6505902	11
6506003	11
6507401	11
6507701	11
6509001	11
6510901	11
6511201	11
6601001	11
6601203	11
6602306	11
6609503	11
6609806	11
6610806	11
6612406	11
6704301	11
6706602	11
6706604	11
6707301	11
6707306	11
6709304	11
6905603	11
7000201	11
7000302	11
7003203	11
7004905	11
7105204	11
7105401	11
7105402	11
7105903	11
7105906	11
7107102	11
7107502	11
7107901	11
7110302	11
7110403	11
7301401	12
7301404	12
7312004	12
7312301	12
7312303	12
7312602	12
7401305	12
7402004	12
7402103	12
7403303	12
7408806	12
7409003	12
7409005	12
7606401	12
7606402	12
7606702	12
7606703	12
7608203	12
7801204	12
7802005	12
7810004	12
7810005	12
8000701	12
8001405	12
8005601	12
8008402	12
8008403	12
8009001	12
8009701	12
8009901	12
8009902	12
8009906	12
8200601	12
8205103	12
8205105	12
8205503	12
8205504	12
8205506	12
8208403	12
8210501	12
8500406	13
8500904	13
8501004	13
8502104	13
8507402	13
8507408	13
8508908	13
8511207	13
8512105	13
8603902	13
8605001	13
8605003	13
8605006	13
8606301	13
8607703	13
8607704	13
8609301	13
8609302	13
8610302	13
8803603	13
8803604	13
8803704	13
8803706	13
8804403	13
8806605	13
8806606	13
8808106	13
8809705	13
8809706	13
8809906	13
8809907	13
8901701	13
8902802	13
8906601	13
8908103	13
8909901	13
8909906	13
8911801	13
9104404	13
9107302	13
9109002	13
9109201	13
9109209	13
9402201	13
9407405	13
9407601	13
9408101	13
9408401	13
9408406	13
9409702	13
9500502	13
9500503	13
9501101	13
9502001	13
9503402	13
9504202	13
9504206	13
10100804	14
10100806	14
10100807	14
10103204	14
10103601	14
10103602	14
10103604	14
10104303	14
10104305	14
10104307	14
10200502	14
10200503	14
10200507	14
10200508	14
10201803	14
10201805	14
10202201	14
10202202	14
10203105	14
10203106	14
10204501	14
10204502	14
10204503	14
10204505	14
10205203	14
10205204	14
10205205	14
10205404	14
10205702	14
10205703	14
10206502	14
10404101	14
10404103	14
10404104	14
10406103	14
10406104	14
10406804	14
10406806	14
10408205	14
10408206	14
10500601	14
10605704	14
10605705	14
10606202	14
10606203	14
10606304	14
10606305	14
10808603	15
10808605	15
11001102	15
11002302	15
11002303	15
11003503	15
11101202	15
11101206	15
11103903	15
11103904	15
11200102	15
11200104	15
11200105	15
11200403	15
11200406	15
11203401	15
11203406	15
11203804	15
11206706	15
11207301	15
11207303	15
11603303	15
11604007	15
11604008	15
11605305	15
12006506	16
12006601	16
12006605	16
12006607	16
12006904	16
12007805	16
12100804	16
12100805	16
12101105	16
12101108	16
12102004	16
12103506	16
12104404	16
12104406	16
12202502	16
12204707	16
12400903	16
12401203	16
12401206	16
12402601	16
12403101	16
12403109	16
12405201	16
12501603	16
12501604	16
12502201	16
12502204	16
12502302	16
12503006	16
12601404	16
12601406	16
12602504	16
12602505	16
12605004	16
12605005	16
12700904	16
12700905	16
12702106	16
12702107	16
12702804	16
12702805	16
12801401	16
12801405	16
12801408	16
12901802	16
12901803	16
12901904	16
12902001	16
12902002	16
12903101	16
12904101	16
12904104	16
12904602	16
12904605	16
13000302	16
13000305	16
13000601	16
13001203	16
13001204	16
13002604	16
13002605	16
13003002	16
13100502	16
13104401	16
13104402	16
13104501	16
13202101	17
13202103	16
13203203	16
13203205	16
13203902	17
13203903	17
13203904	16
13300301	17
13300302	16
13300405	16
13303501	17
13303605	16
13303901	16
13304706	16
13305206	16
13305601	17
13305604	17
13305708	16
13500401	17
13501002	17
13501502	17
13502104	17
13502106	17
13502402	17
13502403	17
13502404	17
13503501	17
13504002	17
13504007	17
13602003	18
13602306	17
13701102	17
13702701	18
13702703	17
13703201	18
13703202	17
13703701	18
13703704	17
13705502	17
13801201	18
13801202	17
13802102	17
13802601	18
13804001	17
13804002	17
13804704	17
13805601	17
13805605	17
14100502	18
14100503	18
14101204	18
14101205	18
14102104	18
14102403	18
14103006	18
14103102	18
14103103	18
14103203	18
14103204	18
14104105	18
14104108	18
14104305	18
14104306	18
14104702	18
14105402	18
14105605	18
14201602	18
14201604	18
14202005	18
14202506	18
14202507	18
14202905	18
14203507	18
14203508	18
14203803	18
14204602	18
14204607	18
14204609	18
14301101	18
14301901	18
14301902	18
14301903	18
14403203	18
14405402	18
14600603	18
14600605	18
14600703	18
14600802	18
14604807	18
14605202	18
14702705	19
14703205	19
14800605	19
14800904	19
14800907	19
14801307	19
14803303	19
14803806	19
14900402	19
14901601	19
14901602	19
14903503	19
15001903	19
15003301	19
15003302	19
15003303	19
15003701	19
15003702	19
15003703	19
15003704	19
15004302	19
15005102	19
15005104	19
15005403	19
15005501	19
15005502	19
15005503	19
15005601	19
15005802	19
15005804	19
15100201	19
15100204	19
15100601	19
15100605	19
15100606	19
15101304	19
15103105	19
15103201	19
15103205	19
15103402	19
15205504	19
15205701	19
15205706	19
15206702	19
15206707	19
15207204	19
15405402	19
15501704	19
15501801	19
15502501	19
15502505	19
15503402	19
15503404	19
15503405	19
15603601	19
15701606	19
15705206	19
15801301	19
15801302	19
15801401	19
15802703	19
15905901	20
15906001	20
15906702	20
15906703	20
16001301	20
16001305	20
16002501	20
16002503	20
16002706	20
16002901	20
16104506	20
16105401	20
16106701	20
16107201	20
16107204	20
16202201	20
16202205	20
16304301	20
16304401	20
16305002	20
16305101	20
16305604	20
16305704	20
16400705	20
16401204	20
16401803	20
16402104	20
16402405	20
16504302	20
16505804	20
16505901	20
16505906	20
16601103	20
16601203	20
16601205	20
16601208	20
16601801	20
16601802	20
16601803	20
16601804	20
16605702	20
16705201	20
16705203	20
16705501	20
16806403	20
16806405	20
16904601	20
16905702	20
16905707	20
17000701	20
17000802	20
17001505	20
17002605	20
17202801	21
17202802	21
17202803	21
17202804	21
17500301	21
17500302	21
17500303	21
17500304	21
17500305	21
17507602	21
17507603	21
17601301	22
17601302	22
17601303	22
17601305	22
18202901	22
18202902	22
18500101	22
18500102	22
18500103	22
18500104	22
18705701	23
18705702	23
18705703	23
18705704	23
18705705	23
18706101	23
18706102	23
18800904	22
18800905	23
18800906	23
18801001	23
18801002	23
18801101	23
18801103	23
18907101	23
18907102	23
18907103	23
18907104	23
18907105	23
19006401	23
19006402	23
19006403	23
19006404	23
19006405	23
19006407	23
19006501	23
19006502	23
19006503	23
19006504	23
19006505	23
19006507	23
19006508	23
19103201	23
19104201	23
19104203	23
19104204	23
19203801	23
19203806	23
19203807	23
19203809	23
19204503	23
19204504	23
19204505	23
19204506	23
19204901	23
19204905	23
19204906	23
19204907	23
19206201	23
